auprc = 0.9600369277461636
auroc = 0.9678231033168129
eval_loss = 0.3700904372916557
f1 = 0.9141479507676691
fn = 19
fp = 15
mcc = 0.828482347408796
precision = 0.9136528372658844
recall = 0.9148303469309951
tn = 168
tp = 196
