auprc = 0.9846999687378075
auroc = 0.9758553100498931
eval_loss = 0.3012307325585021
f1 = 0.9382696873543834
fn = 8
fp = 5
mcc = 0.876919867315489
precision = 0.9368863334807607
recall = 0.94003920171062
tn = 87
tp = 114
