auprc = 0.948802624494333
auroc = 0.9443694706852601
eval_loss = 0.7169642651844899
f1 = 0.8960457040439118
fn = 16
fp = 13
mcc = 0.7922979279812457
precision = 0.8946428571428572
recall = 0.8976608187134503
tn = 104
tp = 155
